175.5268221  33.8686264 11.62
175.5442330  33.9009994 14.78
175.4440656  33.9835726 15.04
175.5555853  33.9234392 15.45
175.6816825  34.0228178 15.62
175.6663796  33.9103895 15.63
175.5507100  33.9302670 16.05
175.5456035  33.9733172 16.10
175.5223261  34.0155915 16.36
175.6059514  33.9405742 16.63
175.6197051  33.8717760 16.64
175.6306700  34.0311376 16.77
175.4449444  33.9354420 16.82
175.4698889  33.9495273 16.85
175.6786102  33.9539072 17.28
175.4646281  33.9305619 17.38
175.6264650  33.9701875 17.47
175.4699719  33.9919079 17.52
175.6994677  34.0167559 17.53
175.5972298  34.0080597 17.66
175.6158363  34.0061357 17.67
175.5178552  33.9460944 18.02
175.6134609  34.0322954 18.05
175.6231229  33.9355047 18.11
175.5815405  33.8619409 18.15
175.6607181  33.9826441 18.17
175.5183930  34.0318232 18.29
175.5284032  33.9889414 18.30
175.5306973  34.0641643 18.31
175.5554824  33.9635253 18.33
175.6231462  34.0396437 18.37
175.5835438  34.0092291 18.41
175.5809724  33.9740072 18.43
175.5307299  33.9356016 18.46
175.6484926  34.0207548 18.46
175.5125578  33.9894781 18.46
175.7109064  33.9845535 18.48
175.5707516  33.9525955 18.53
175.5035267  33.8736621 18.70
175.5800731  33.9215143 18.75
175.5469998  34.0391422 18.77
175.5082600  33.8861080 18.85
175.5489612  33.9029539 18.91
175.5244326  33.9618423 18.94
175.5789087  33.8619641 18.96
175.6431265  33.9281814 18.97
175.5286756  33.8692506 18.98
175.5201658  33.9607026 18.99
175.5460843  33.8702229 19.02
175.5370682  33.9830683 19.03
175.5028451  33.9018579 19.04
175.6224252  33.8754865 19.06
175.6476082  33.9810636 19.08
175.4771399  34.0101265 19.10
175.4806935  33.9117956 19.18
175.6385930  33.8893917 19.20
175.5041878  34.0404117 19.24
175.5154635  33.9403395 19.25
175.5971621  33.9872753 19.25
175.5951851  33.9480780 19.28
175.4682680  33.9390474 19.29
175.6585904  33.9032487 19.30
175.5466709  34.0621447 19.30
175.4787657  33.9033276 19.32
175.5802138  34.0180509 19.36
175.6049002  34.0181946 19.37
175.4850280  33.9112236 19.41
175.6270254  33.9181321 19.43
175.5113298  33.8846548 19.46
175.4652621  33.9580108 19.46
175.6585240  33.9543341 19.47
175.4742443  33.9474319 19.47
175.5223038  34.0666548 19.48
175.5981002  33.8932204 19.50
175.4979744  33.9998092 19.55
175.5707326  34.0476399 19.57
175.5883913  33.8697150 19.59
175.5053875  33.8966222 19.60
175.5660358  34.0706216 19.61
175.4877495  34.0456009 19.63
175.6923357  33.9994944 19.67
175.5769962  34.0597801 19.71
175.5921952  33.9258374 19.74
175.5427607  34.0075342 19.74
175.5993374  34.0290817 19.78
175.5661157  33.8809689 19.79
175.5953882  34.0338510 19.83
175.5132690  34.0311021 19.87
175.6061352  34.0549780 19.88
175.6669095  34.0208657 19.89
175.5080220  33.9065841 19.91
175.6090718  34.0546686 19.92
175.4465707  33.9531337 19.92
175.5710731  33.8842611 19.93
175.6925475  34.0113036 19.95
175.5437698  34.0295423 19.95
175.6083954  34.0511305 19.97
175.5698658  34.0200634 19.98
175.5150706  33.9430114 19.98
175.5011330  34.0092462 19.98
175.4961996  33.8963674 20.00
175.6500569  33.9382178 20.02
175.4858404  33.9196713 20.04
175.6879361  33.9731559 20.08
175.6035802  33.9092765 20.09
175.5981755  33.8983886 20.10
175.5651194  33.9924841 20.11
175.5962171  33.9569108 20.11
175.4487244  33.9992158 20.14
175.5462749  34.0343048 20.14
175.4942527  34.0605781 20.17
175.6055022  33.9831542 20.18
175.5412358  33.8799068 20.19
175.6582098  33.9618774 20.19
175.5793720  34.0709742 20.19
175.5731484  34.0651643 20.20
175.6223979  33.8800251 20.22
175.5440267  34.0428555 20.23
175.4873145  34.0040015 20.24
175.6117631  34.0562461 20.26
175.5491452  34.0037939 20.27
175.5226171  33.9945163 20.28
175.5153314  34.0650721 20.29
175.5925648  33.9749590 20.30
175.6324150  33.9508888 20.30
175.4938435  33.9908276 20.32
175.5864066  33.9532707 20.34
175.6513034  33.8812085 20.35
175.5470919  34.0612046 20.35
175.4432626  33.9686705 20.37
175.5912761  33.9494488 20.38
175.5377943  34.0212164 20.40
175.4451598  34.0107952 20.40
175.6329272  33.9691975 20.41
175.6766574  34.0324545 20.42
175.6657231  33.9658017 20.43
175.5609811  33.9723657 20.44
175.5458693  33.8953845 20.45
175.4700644  33.9385490 20.46
175.6479363  33.9344674 20.47
175.6618409  33.9882574 20.47
175.6066402  33.9287873 20.49
175.4550791  34.0017454 20.50
175.6292081  33.9297320 20.51
175.5172343  34.0611734 20.52
175.5996699  34.0595131 20.52
175.4784630  33.9118955 20.53
175.5498403  34.0235357 20.53
175.5233985  33.8903882 20.53
175.4856548  34.0300650 20.53
175.6234918  33.9014902 20.54
175.5559334  34.0754836 20.56
175.6771728  34.0353803 20.57
175.6161497  33.8797063 20.58
175.5615970  34.0426896 20.58
175.4499750  33.9757659 20.58
175.5236732  34.0230106 20.59
175.5201144  34.0021706 20.60
175.4985077  34.0361190 20.61
175.5428565  33.9724754 20.62
175.6579803  34.0358540 20.62
175.4805363  33.9664674 20.62
175.6419111  34.0426587 20.62
175.4900164  34.0547167 20.63
175.5958491  34.0558363 20.64
175.6613708  33.9373025 20.68
175.6541392  34.0160571 20.68
175.4481251  33.9329094 20.69
175.6117301  33.9200844 20.69
175.5482230  33.9175769 20.70
175.5264542  33.9104702 20.71
175.5071329  33.9289129 20.73
175.4778217  34.0161957 20.73
175.4581100  33.9274945 20.74
175.5415869  34.0557903 20.77
175.5086796  33.9420066 20.77
175.6089239  33.9030741 20.77
175.5182768  33.9140694 20.78
175.4977337  34.0347050 20.79
175.6026157  33.9424216 20.79
175.5066405  33.9243141 20.79
175.7002929  33.9653355 20.79
175.5846316  34.0436763 20.79
175.5015199  33.9048809 20.80
175.5430757  33.9293223 20.80
175.4684384  34.0163855 20.80
175.5854280  34.0865176 20.81
175.5039937  33.9363400 20.82
175.6762797  33.8973094 20.82
175.5213521  33.9168994 20.82
175.4923564  34.0647703 20.83
175.6136884  34.0300661 20.84
175.6716552  34.0547116 20.85
175.5387465  33.9639012 20.87
175.6551039  33.9117764 20.87
175.6133559  34.0528246 20.87
175.6879899  34.0178487 20.88
175.6555447  33.9564905 20.88
175.6019327  33.9305189 20.89
175.4669859  33.9552260 20.89
175.5481622  33.9051596 20.90
175.5105908  33.9340280 20.90
